0 0.448221 0.437637 0.115902 0.050391
0 0.317201 0.379686 0.115902 0.055434
0 0.470896 0.770227 0.110863 0.050391
0 0.448221 0.372127 0.115902 0.050395
0 0.186188 0.382207 0.115891 0.050391
0 0.324760 0.508188 0.120941 0.050391
0 0.458299 0.568656 0.115902 0.060469
0 0.329799 0.641727 0.110863 0.055430
0 0.334838 0.712275 0.120941 0.055434
0 0.468377 0.704715 0.115902 0.050391
0 0.193740 0.581256 0.120941 0.055434
0 0.201299 0.651805 0.115902 0.055430
0 0.203818 0.717314 0.110863 0.055434
0 0.196260 0.452754 0.115902 0.050391
0 0.203818 0.782824 0.131020 0.055430
