0 0.790267 0.813160 0.097867 0.150400
0 0.605853 0.690520 0.130107 0.084160
0 0.742520 0.683360 0.131280 0.084160
0 0.479960 0.468700 0.045413 0.161160
0 0.698347 0.278380 0.150400 0.114600
0 0.577800 0.184400 0.126533 0.080560
0 0.848747 0.304340 0.109813 0.152200
0 0.345653 0.283760 0.113387 0.089520
0 0.224493 0.552300 0.093093 0.082360
0 0.095587 0.591700 0.042960 0.125320
0 0.115293 0.335680 0.111013 0.064480
0 0.470373 0.328860 0.112213 0.059080
0 0.364747 0.666360 0.082347 0.136080
0 0.219720 0.783620 0.102640 0.077000
