0 0.681223 0.666674 0.112153 0.074080
0 0.653570 0.223259 0.072207 0.141982
0 0.554473 0.347746 0.110613 0.065848
0 0.680457 0.343629 0.104473 0.053491
0 0.809510 0.344661 0.116767 0.063786
0 0.804133 0.425933 0.109080 0.061723
0 0.803363 0.505152 0.110620 0.072018
0 0.680453 0.425933 0.107547 0.053491
0 0.679687 0.506179 0.115227 0.065839
0 0.811047 0.665647 0.113693 0.076134
0 0.554473 0.502062 0.110613 0.061732
0 0.436177 0.418728 0.113687 0.059670
0 0.434637 0.502067 0.104473 0.057616
0 0.434637 0.588482 0.104473 0.074071
0 0.552940 0.584371 0.107547 0.074080
0 0.556010 0.664616 0.107540 0.069964
0 0.681990 0.587455 0.113687 0.076125
0 0.806437 0.588487 0.113687 0.057616
0 0.438480 0.666674 0.106013 0.057616
